<?xml version="1.0"?>
<opencv_storage>
<rms>1.3460909073520606e+00</rms>
<depth_cam_int type_id="opencv-matrix">
  <rows>3</rows>
  <cols>3</cols>
  <dt>d</dt>
  <data>
    2.1178734743000001e+02 0. 1.1765755014000000e+02 0.
    2.1160443122000001e+02 8.7021916180000005e+01 0. 0. 1.</data></depth_cam_int>
<depth_cam_dist type_id="opencv-matrix">
  <rows>1</rows>
  <cols>5</cols>
  <dt>d</dt>
  <data>
    -1.7934129199999999e-02 -1.8886710000000000e+00
    -2.0231356900000000e-04 -4.2822308899999996e-03
    3.2404653899999998e+00</data></depth_cam_dist>
<RGB_cam_int type_id="opencv-matrix">
  <rows>3</rows>
  <cols>3</cols>
  <dt>d</dt>
  <data>
    9.1324145911999994e+02 0. 6.6895384769999998e+02 0.
    9.0510342204000005e+02 3.8924919722999999e+02 0. 0. 1.</data></RGB_cam_int>
<RGB_cam_dist type_id="opencv-matrix">
  <rows>1</rows>
  <cols>5</cols>
  <dt>d</dt>
  <data>
    2.5755514000000002e-01 -9.2817128999999998e-01
    1.5045300000000000e-03 1.3403160000000001e-02 1.1729395199999999e+00</data></RGB_cam_dist>
<depth_rgb_rmat type_id="opencv-matrix">
  <rows>3</rows>
  <cols>3</cols>
  <dt>d</dt>
  <data>
    9.9861337205780298e-01 -3.9816068183382153e-02
    -3.4438551969560957e-02 4.1335406762876836e-02
    9.9814974724480465e-01 4.4592221551298196e-02 3.2599345010159375e-02
    -4.5953920284876791e-02 9.9841149828883669e-01</data></depth_rgb_rmat>
<depth_rgb_tvec type_id="opencv-matrix">
  <rows>3</rows>
  <cols>1</cols>
  <dt>d</dt>
  <data>
    -8.3227932295735896e-01 3.0238644443255276e+00
    3.1631838435151720e+00</data></depth_rgb_tvec>
</opencv_storage>
