<?xml version="1.0"?>
<opencv_storage>
<rms>1.2493168020909835e+00</rms>
<depth_cam_int type_id="opencv-matrix">
  <rows>3</rows>
  <cols>3</cols>
  <dt>d</dt>
  <data>
    2.1178734743000001e+02 0. 1.1765755014000000e+02 0.
    2.1160443122000001e+02 8.7021916180000005e+01 0. 0. 1.</data></depth_cam_int>
<depth_cam_dist type_id="opencv-matrix">
  <rows>1</rows>
  <cols>5</cols>
  <dt>d</dt>
  <data>
    -1.7934129199999999e-02 -1.8886710000000000e+00
    -2.0231356900000000e-04 -4.2822308899999996e-03
    3.2404653899999998e+00</data></depth_cam_dist>
<RGB_cam_int type_id="opencv-matrix">
  <rows>3</rows>
  <cols>3</cols>
  <dt>d</dt>
  <data>
    9.4109129170999995e+02 0. 6.3894641197999999e+02 0.
    9.3971879680999996e+02 3.6460682026000001e+02 0. 0. 1.</data></RGB_cam_int>
<RGB_cam_dist type_id="opencv-matrix">
  <rows>1</rows>
  <cols>5</cols>
  <dt>d</dt>
  <data>
    3.2649104000000001e-01 -1.0672758200000001e+00
    -2.5263000000000000e-03 -5.3119100000000004e-03
    1.0967109799999999e+00</data></RGB_cam_dist>
<depth_rgb_rmat type_id="opencv-matrix">
  <rows>3</rows>
  <cols>3</cols>
  <dt>d</dt>
  <data>
    9.9929329255866362e-01 -3.7259221167335321e-02
    4.9664761419640352e-03 3.6725640534536266e-02 9.9593916386461934e-01
    8.2197379568760554e-02 -8.0089184409090786e-03
    -8.1956893051447849e-02 9.9660369500958623e-01</data></depth_rgb_rmat>
<depth_rgb_tvec type_id="opencv-matrix">
  <rows>3</rows>
  <cols>1</cols>
  <dt>d</dt>
  <data>
    -9.9821527426339052e-01 2.6387364711009447e+00
    4.9923152334034899e+00</data></depth_rgb_tvec>
</opencv_storage>
