<?xml version="1.0"?>
<opencv_storage>
<rms>3.9346446921744132e+01</rms>
<depth_cam_int type_id="opencv-matrix">
  <rows>3</rows>
  <cols>3</cols>
  <dt>d</dt>
  <data>
    1.9758896627628278e+02 0. 1.1626638572905166e+02 0.
    1.9620892628339229e+02 8.8127186065155115e+01 0. 0. 1.</data></depth_cam_int>
<depth_cam_dist type_id="opencv-matrix">
  <rows>1</rows>
  <cols>5</cols>
  <dt>d</dt>
  <data>
    1.5420655535988476e-01 -3.4144247945804316e+00
    -5.8155463275812724e-03 2.8235655929713384e-03
    8.7253535834588760e+00</data></depth_cam_dist>
<RGB_cam_int type_id="opencv-matrix">
  <rows>3</rows>
  <cols>3</cols>
  <dt>d</dt>
  <data>
    6.1564034342293917e+02 0. 3.6400979996165347e+02 0.
    6.0263529451301349e+02 1.9646032909150247e+02 0. 0. 1.</data></RGB_cam_int>
<RGB_cam_dist type_id="opencv-matrix">
  <rows>1</rows>
  <cols>5</cols>
  <dt>d</dt>
  <data>
    3.7072916322925481e-01 -8.0252585485229777e-01
    -3.5429308261964748e-02 3.8338297487344158e-02
    7.5523318265717776e-01</data></RGB_cam_dist>
<depth_rgb_rmat type_id="opencv-matrix">
  <rows>3</rows>
  <cols>3</cols>
  <dt>d</dt>
  <data>
    9.8354621219533356e-01 -1.6101339729619010e-01
    -8.1923954783391623e-02 1.7396185004926565e-01
    9.6642472887784014e-01 1.8910451644746570e-01 4.8724975152879955e-02
    -2.0024467359840623e-01 9.7853356993606455e-01</data></depth_rgb_rmat>
<depth_rgb_tvec type_id="opencv-matrix">
  <rows>3</rows>
  <cols>1</cols>
  <dt>d</dt>
  <data>
    4.6573469273400242e-01 1.8113356437827571e-01
    -2.9333313622920971e+00</data></depth_rgb_tvec>
</opencv_storage>
