<?xml version="1.0"?>
<opencv_storage>
<rms>1.1987928027685624e+00</rms>
<depth_cam_int type_id="opencv-matrix">
  <rows>3</rows>
  <cols>3</cols>
  <dt>d</dt>
  <data>
    2.2595327790582871e+02 0. 1.1354567545136274e+02 0.
    2.2688068740210679e+02 8.2114077158374613e+01 0. 0. 1.</data></depth_cam_int>
<depth_cam_dist type_id="opencv-matrix">
  <rows>1</rows>
  <cols>5</cols>
  <dt>d</dt>
  <data>
    8.3637666528040433e-01 -1.8648113531008626e+01
    -5.7655223889653004e-03 9.0826478733738204e-03
    9.4054414378918608e+01</data></depth_cam_dist>
<RGB_cam_int type_id="opencv-matrix">
  <rows>3</rows>
  <cols>3</cols>
  <dt>d</dt>
  <data>
    9.2899493651990940e+02 0. 6.0780005762977203e+02 0.
    8.7595398006201515e+02 3.6452034939027953e+02 0. 0. 1.</data></RGB_cam_int>
<RGB_cam_dist type_id="opencv-matrix">
  <rows>1</rows>
  <cols>5</cols>
  <dt>d</dt>
  <data>
    1.4568913997165960e+00 -5.3514756835502148e+01
    9.2486405710121133e-03 -1.7209252075037165e-02
    5.7879553562411797e+02</data></RGB_cam_dist>
<depth_rgb_rmat type_id="opencv-matrix">
  <rows>3</rows>
  <cols>3</cols>
  <dt>d</dt>
  <data>
    8.3574464684206484e-01 7.0060356334359364e-03
    -5.4907358408462459e-01 2.8998644003005186e-01
    8.4348529826570406e-01 4.5215087770379619e-01 4.6630328100232088e-01
    -5.3710656956913039e-01 7.0290666738348084e-01</data></depth_rgb_rmat>
<depth_rgb_tvec type_id="opencv-matrix">
  <rows>3</rows>
  <cols>1</cols>
  <dt>d</dt>
  <data>
    7.5566355291230032e+00 -7.3134839246725241e+00
    1.3986616964394743e+01</data></depth_rgb_tvec>
</opencv_storage>
